0.36
0.33
0.16
0.35
0.15
0.13
0.16
0.15
0.23
0.47
0.14
0.14
0.15
0.17
0.15
0.15
0.43
0.17
0.27
0.19
0.35
0.21
0.15
0.97
0.16
0.17
0.18
0.61
0.21
0.37
1920.02
1920.03
1920.08
1920.15
1920.17
1920.19
1921.00
1920.43
1981.29
1981.31
1981.34
1981.34
0.16
0.12
0.16
0.22
0.15
0.15
0.16
0.17
0.16
0.35
0.22
0.15
0.15
0.16
0.32
0.30
0.22
0.33
1933.04
1933.14
1933.05
1933.06
1955.36
1955.42
1955.43
1955.38
1955.44
1943.22
1944.09
1944.10
1944.76
1944.81
0.23
0.15
0.33
0.41
0.15
0.11
0.17
0.13
0.13
0.33
0.13
0.15
0.19
0.12
0.14
0.13
